. Sequence file : [FcC_supermatrix.phy]

. Model of nucleotides substitution : HKY

. Initial tree : [BIONJ]


. Data	Nb of 	Likelihood	Discrete   	Proportion of	Transition/ 	Nucleotides frequencies               	
  set	taxa	loglk     	gamma model	invariant    	transversion	f(A)      f(C)      f(G)      f(T)    	

  #1	117   	-35128.47639	No         	0.072    	1.484     	 0.20002   0.29804   0.33174   0.17020	

  #2	117   	-33920.13454	No         	0.082    	1.537     	 0.20140   0.29300   0.32718   0.17842	

  #3	117   	-35655.19458	No         	0.061    	1.684     	 0.20164   0.30896   0.31889   0.17051	

  #4	117   	-32825.12522	No         	0.084    	1.513     	 0.18241   0.28948   0.32737   0.20074	

  #5	117   	-34762.98720	No         	0.084    	1.388     	 0.19849   0.30258   0.30351   0.19542	

  #6	117   	-35733.84647	No         	0.070    	1.537     	 0.20166   0.28152   0.33304   0.18378	

  #7	117   	-33573.12148	No         	0.095    	1.517     	 0.20315   0.29338   0.33612   0.16735	

  #8	117   	-33830.14648	No         	0.097    	1.499     	 0.19778   0.31036   0.30500   0.18685	

  #9	117   	-33098.83551	No         	0.065    	1.497     	 0.19539   0.29804   0.30411   0.20246	

  #10	117   	-34803.33732	No         	0.070    	1.518     	 0.20784   0.29785   0.31599   0.17832	

  #11	117   	-34001.07410	No         	0.074    	1.757     	 0.17972   0.30861   0.34084   0.17083	

  #12	117   	-33875.54129	No         	0.088    	1.503     	 0.19088   0.29579   0.31503   0.19830	

  #13	117   	-34453.24438	No         	0.084    	1.423     	 0.20666   0.29060   0.33050   0.17225	

  #14	117   	-35110.53222	No         	0.071    	1.529     	 0.19364   0.30639   0.32183   0.17814	

  #15	117   	-34523.35257	No         	0.080    	1.498     	 0.18625   0.29942   0.32654   0.18779	

  #16	117   	-33616.36578	No         	0.078    	1.692     	 0.20151   0.30841   0.31254   0.17754	

  #17	117   	-32851.00039	No         	0.089    	1.572     	 0.20868   0.28736   0.34294   0.16102	

  #18	117   	-33188.88786	No         	0.082    	1.487     	 0.17944   0.30287   0.32979   0.18790	

  #19	117   	-34567.16785	No         	0.076    	1.614     	 0.18336   0.31169   0.33872   0.16623	

  #20	117   	-34501.89652	No         	0.080    	1.390     	 0.19071   0.31844   0.30969   0.18116	

  #21	117   	-34934.56961	No         	0.075    	1.588     	 0.20116   0.29316   0.32324   0.18244	

  #22	117   	-33265.64238	No         	0.080    	1.436     	 0.21361   0.31049   0.30679   0.16910	

  #23	117   	-34285.13263	No         	0.077    	1.448     	 0.19107   0.31710   0.32320   0.16862	

  #24	117   	-33397.07807	No         	0.081    	1.489     	 0.20481   0.29445   0.31740   0.18335	

  #25	117   	-33763.63669	No         	0.088    	1.354     	 0.20208   0.31604   0.28434   0.19753	

  #26	117   	-33187.30570	No         	0.082    	1.823     	 0.17368   0.29595   0.33858   0.19179	

  #27	117   	-33414.25364	No         	0.081    	1.516     	 0.21228   0.30394   0.31975   0.16402	

  #28	117   	-35119.29022	No         	0.067    	1.625     	 0.18553   0.30982   0.31838   0.18626	

  #29	117   	-33416.18124	No         	0.094    	1.603     	 0.19044   0.31363   0.30866   0.18727	

  #30	117   	-34993.41623	No         	0.070    	1.645     	 0.19488   0.29923   0.33075   0.17514	

  #31	117   	-33055.75875	No         	0.084    	1.721     	 0.21099   0.29587   0.32222   0.17092	

  #32	117   	-34938.44481	No         	0.070    	1.569     	 0.18414   0.30053   0.31847   0.19686	

  #33	117   	-34062.72732	No         	0.083    	1.379     	 0.18986   0.32181   0.29723   0.19110	

  #34	117   	-33916.94321	No         	0.083    	1.429     	 0.18011   0.30661   0.33223   0.18105	

  #35	117   	-34017.50350	No         	0.075    	1.472     	 0.19130   0.29854   0.31964   0.19052	

  #36	117   	-35167.07000	No         	0.094    	1.580     	 0.21725   0.30265   0.29187   0.18823	

  #37	117   	-33014.04263	No         	0.088    	1.466     	 0.20812   0.29744   0.32849   0.16594	

  #38	117   	-33981.51228	No         	0.095    	1.493     	 0.20437   0.30435   0.30790   0.18338	

  #39	117   	-34426.06488	No         	0.071    	1.627     	 0.17986   0.29821   0.34851   0.17343	

  #40	117   	-33923.74930	No         	0.075    	1.506     	 0.20084   0.30830   0.30894   0.18192	

  #41	117   	-34040.10637	No         	0.069    	1.329     	 0.20020   0.29815   0.32307   0.17858	

  #42	117   	-33795.21090	No         	0.096    	1.481     	 0.21406   0.29427   0.31841   0.17326	

  #43	117   	-34172.85590	No         	0.078    	1.438     	 0.19169   0.29942   0.32445   0.18444	

  #44	117   	-34287.56012	No         	0.092    	1.453     	 0.21691   0.28738   0.31246   0.18325	

  #45	117   	-35145.63966	No         	0.057    	1.600     	 0.19822   0.31073   0.32868   0.16237	

  #46	117   	-34678.22606	No         	0.065    	1.616     	 0.18478   0.31531   0.32450   0.17541	

  #47	117   	-34425.87808	No         	0.061    	1.573     	 0.20388   0.31254   0.30599   0.17759	

  #48	117   	-34643.01699	No         	0.072    	1.604     	 0.20796   0.31047   0.31519   0.16638	

  #49	117   	-34439.50909	No         	0.083    	1.627     	 0.18502   0.29099   0.35019   0.17380	

  #50	117   	-34685.93401	No         	0.081    	1.457     	 0.19019   0.31510   0.32951   0.16520	

  #51	117   	-34394.99569	No         	0.071    	1.459     	 0.20396   0.28951   0.31423   0.19230	

  #52	117   	-34279.95894	No         	0.085    	1.685     	 0.18355   0.29153   0.33859   0.18632	

  #53	117   	-33762.99410	No         	0.074    	1.492     	 0.22099   0.28939   0.32191   0.16771	

  #54	117   	-33314.02114	No         	0.076    	1.640     	 0.19693   0.29903   0.31392   0.19012	

  #55	117   	-34936.25411	No         	0.083    	1.590     	 0.18436   0.30735   0.33020   0.17810	

  #56	117   	-35176.52519	No         	0.071    	1.626     	 0.19680   0.32167   0.29746   0.18406	

  #57	117   	-34085.55529	No         	0.076    	1.436     	 0.19612   0.31195   0.31534   0.17659	

  #58	117   	-33584.30875	No         	0.078    	1.516     	 0.18811   0.30290   0.33660   0.17239	

  #59	117   	-32979.79618	No         	0.085    	1.540     	 0.17503   0.31918   0.31091   0.19488	

  #60	117   	-35005.62574	No         	0.069    	1.577     	 0.19506   0.29856   0.31943   0.18695	

  #61	117   	-34905.21122	No         	0.070    	1.602     	 0.18113   0.32714   0.33568   0.15606	

  #62	117   	-34533.72285	No         	0.083    	1.518     	 0.21277   0.31159   0.30440   0.17124	

  #63	117   	-35872.41278	No         	0.066    	1.546     	 0.20051   0.31219   0.31404   0.17325	

  #64	117   	-33187.33093	No         	0.071    	1.582     	 0.20958   0.29746   0.31702   0.17594	

  #65	117   	-34066.94894	No         	0.075    	1.553     	 0.19287   0.29471   0.32524   0.18718	

  #66	117   	-33694.87970	No         	0.072    	1.536     	 0.21197   0.31190   0.30047   0.17566	

  #67	117   	-34933.63776	No         	0.076    	1.538     	 0.20188   0.30451   0.32719   0.16643	

  #68	117   	-34056.25357	No         	0.075    	1.502     	 0.18629   0.30766   0.31444   0.19161	

  #69	117   	-34180.38324	No         	0.087    	1.524     	 0.18701   0.30641   0.32855   0.17803	

  #70	117   	-34246.85452	No         	0.073    	1.463     	 0.20527   0.29134   0.31280   0.19059	

  #71	117   	-33632.12358	No         	0.082    	1.640     	 0.19463   0.30139   0.31524   0.18874	

  #72	117   	-35410.79651	No         	0.076    	1.438     	 0.20436   0.30107   0.30934   0.18523	

  #73	117   	-34885.12659	No         	0.066    	1.623     	 0.19809   0.29286   0.33263   0.17642	

  #74	117   	-34183.84981	No         	0.077    	1.495     	 0.19221   0.28864   0.32973   0.18941	

  #75	117   	-34808.28585	No         	0.076    	1.526     	 0.19809   0.30070   0.31048   0.19073	

  #76	117   	-33803.22516	No         	0.071    	1.547     	 0.18064   0.31725   0.30850   0.19362	

  #77	117   	-35038.80460	No         	0.061    	1.599     	 0.19511   0.31659   0.31087   0.17744	

  #78	117   	-34941.77400	No         	0.077    	1.645     	 0.19345   0.28520   0.33419   0.18716	

  #79	117   	-34460.41931	No         	0.084    	1.465     	 0.20100   0.29990   0.33006   0.16904	

  #80	117   	-33831.83161	No         	0.091    	1.472     	 0.18404   0.29731   0.33369   0.18496	

  #81	117   	-34557.75498	No         	0.066    	1.569     	 0.18415   0.27787   0.33738   0.20059	

  #82	117   	-33293.68150	No         	0.096    	1.521     	 0.18539   0.31486   0.31377   0.18597	

  #83	117   	-34091.93140	No         	0.082    	1.470     	 0.18061   0.29475   0.30924   0.21540	

  #84	117   	-33995.29299	No         	0.075    	1.529     	 0.19809   0.30104   0.32826   0.17262	

  #85	117   	-36341.92464	No         	0.063    	1.473     	 0.19230   0.31659   0.32739   0.16372	

  #86	117   	-33649.54736	No         	0.072    	1.560     	 0.19139   0.31883   0.29699   0.19279	

  #87	117   	-34402.63891	No         	0.073    	1.582     	 0.19015   0.32683   0.29458   0.18844	

  #88	117   	-35603.65148	No         	0.062    	1.611     	 0.18677   0.30947   0.30705   0.19671	

  #89	117   	-34756.16555	No         	0.074    	1.657     	 0.18812   0.31139   0.31885   0.18164	

  #90	117   	-35124.69979	No         	0.057    	1.434     	 0.20101   0.29656   0.34046   0.16198	

  #91	117   	-33139.18930	No         	0.081    	1.572     	 0.20661   0.28762   0.31332   0.19245	

  #92	117   	-32609.78283	No         	0.078    	1.582     	 0.18355   0.29427   0.33538   0.18679	

  #93	117   	-33424.46260	No         	0.081    	1.502     	 0.20274   0.28725   0.33214   0.17787	

  #94	117   	-34749.67744	No         	0.069    	1.461     	 0.20820   0.29128   0.32721   0.17331	

  #95	117   	-34047.20390	No         	0.088    	1.477     	 0.19281   0.28988   0.32031   0.19700	

  #96	117   	-34616.01563	No         	0.077    	1.478     	 0.18804   0.32016   0.30967   0.18214	

  #97	117   	-34663.40255	No         	0.074    	1.528     	 0.20392   0.31647   0.29611   0.18350	

  #98	117   	-35550.48654	No         	0.065    	1.623     	 0.18981   0.32658   0.30297   0.18064	

  #99	117   	-33726.11108	No         	0.083    	1.542     	 0.19297   0.29606   0.34060   0.17037	

  #100	117   	-34284.65540	No         	0.080    	1.487     	 0.18727   0.28739   0.35086   0.17448	

