  Log:           S1.10.ribosomal_protein_S7_evoModel.log
--------------------------------------------------------------------------------
       1  TPM2uf+G4          6     -2247.8699      4978.6144         0.0000    0.4874
       2  TVM+G4             8     -2244.3351      4979.7992         1.1847    0.2695
       3  TIM2+G4            7     -2247.5905      4982.1828         3.5684    0.0818
       4  TPM2uf+I+G4        7     -2247.8731      4982.7480         4.1335    0.0617
       5  GTR+G4             9     -2244.2129      4983.6820         5.0676    0.0387
       6  TVM+I+G4           9     -2244.3437      4983.9435         5.3291    0.0339
       7  TIM2+I+G4          8     -2247.5957      4986.3203         7.7059    0.0103
       8  TPM1uf+G4          6     -2251.8673      4986.6094         7.9949    0.0089
       9  GTR+I+G4          10     -2244.2148      4987.8128         9.1984    0.0049
      10  TPM1uf+I+G4        7     -2251.8664      4990.7347        12.1203    0.0011
--------------------------------------------------------------------------------
       1  TVM+G4             8     -2244.3351      4726.6702         0.0000    0.4205
       2  GTR+G4             9     -2244.2129      4728.4259         1.7557    0.1748
       3  TVM+I+G4           9     -2244.3437      4728.6874         2.0172    0.1534
       4  TPM2uf+G4          6     -2247.8699      4729.7397         3.0695    0.0906
       5  GTR+I+G4          10     -2244.2148      4730.4296         3.7594    0.0642
       6  TIM2+G4            7     -2247.5905      4731.1809         4.5108    0.0441
       7  TPM2uf+I+G4        7     -2247.8731      4731.7461         5.0759    0.0332
       8  TIM2+I+G4          8     -2247.5957      4733.1914         6.5212    0.0161
       9  TPM1uf+G4          6     -2251.8673      4737.7346        11.0645    0.0017
      10  TPM1uf+I+G4        7     -2251.8664      4739.7328        13.0627    0.0006
--------------------------------------------------------------------------------
       1  JC                 0     -2456.2960     29998.5920         0.0000    1.0000
       2  JC+G4              1     -2291.4829     30118.9659       120.3739    0.0000
       3  K80                1     -2455.7124     30447.4249       448.8329    0.0000
       4  JC+I               1     -2456.2960     30448.5919       449.9999    0.0000
       5  K80+G4             2     -2289.7762     30569.5523       570.9604    0.0000
       6  JC+I+G4            2     -2291.4847     30572.9695       574.3775    0.0000
       7  TPM3               2     -2436.8161     30863.6322       865.0403    0.0000
       8  TrNef              2     -2450.6531     30891.3063       892.7143    0.0000
       9  TPM1               2     -2452.9187     30895.8374       897.2454    0.0000
      10  TPM2               2     -2453.6950     30897.3901       898.7981    0.0000
--------------------------------------------------------------------------------

  Log:           S1.11.ribosomal_protein_S10_rpsJ_evoModel.log

       1  HKY+G4             5     -1914.2701      4310.5956         0.0000    0.2722
       2  TPM2uf+G4          6     -1912.4383      4311.2360         0.6405    0.1976
       3  TPM1uf+G4          6     -1912.9322      4312.2238         1.6282    0.1206
       4  TrN+G4             6     -1913.4036      4313.1665         2.5710    0.0753
       5  TIM1+G4            7     -1911.7536      4314.1707         3.5751    0.0456
       6  TPM1+G4            3     -1920.3672      4314.1815         3.5859    0.0453
       7  TPM3uf+G4          6     -1914.2728      4314.9049         4.3093    0.0316
       8  TIM1ef+G4          4     -1918.5964      4314.9441         4.3485    0.0309
       9  HKY+I+G4           6     -1914.3396      4315.0385         4.4430    0.0295
      10  F81+G4             4     -1918.7755      4315.3022         4.7066    0.0259
--------------------------------------------------------------------------------
       1  TPM2uf+G4          6     -1912.4383      4050.8767         0.0000    0.1658
       2  TIM1+G4            7     -1911.7536      4051.5073         0.6306    0.1209
       3  TPM1uf+G4          6     -1912.9322      4051.8644         0.9877    0.1012
       4  TVM+G4             8     -1911.1476      4052.2952         1.4185    0.0816
       5  HKY+G4             5     -1914.2701      4052.5403         1.6636    0.0722
       6  TIM2+G4            7     -1912.4012      4052.8024         1.9257    0.0633
       7  TrN+G4             6     -1913.4036      4052.8072         1.9305    0.0631
       8  TPM2uf+I+G4        7     -1912.6549      4053.3097         2.4330    0.0491
       9  TIM1+I+G4          8     -1911.7884      4053.5768         2.7001    0.0430
      10  TPM1uf+I+G4        7     -1913.0070      4054.0140         3.1373    0.0345
--------------------------------------------------------------------------------
       1  JC                 0     -2040.0692     27406.1384         0.0000    1.0000
       2  JC+G4              1     -1927.7485     27615.4970       209.3585    0.0000
       3  JC+I               1     -2016.4721     27792.9442       386.8057    0.0000
       4  K80                1     -2038.4641     27836.9281       430.7897    0.0000
       5  K80+G4             2     -1926.1328     28050.2656       644.1271    0.0000
       6  JC+I+G4            2     -1927.8627     28053.7254       647.5870    0.0000
       7  K80+I              2     -2014.8430     28227.6860       821.5476    0.0000
       8  TPM2               2     -2023.5904     28245.1809       839.0425    0.0000
       9  TPM1               2     -2034.9750     28267.9500       861.8116    0.0000
      10  TPM3               2     -2036.8438     28271.6876       865.5492    0.0000
--------------------------------------------------------------------------------
  Log:           S1.12.ribosomal_protein_S12_S23_evoModel.log
--------------------------------------------------------------------------------

BIC       model              K            lnL          score          delta    weight
--------------------------------------------------------------------------------
       1  HKY+G4             5     -1722.3764      3964.7998         0.0000    0.3159
       2  TrN+G4             6     -1720.8007      3965.9110         1.1112    0.1812
       3  HKY+I+G4           6     -1721.5518      3967.4132         2.6134    0.0855
       4  TPM2uf+G4          6     -1721.6332      3967.5760         2.7762    0.0788
       5  TPM1uf+G4          6     -1721.7317      3967.7730         2.9732    0.0714
       6  TrN+I+G4           7     -1719.8370      3968.2464         3.4466    0.0564
       7  TIM1+G4            7     -1720.0945      3968.7612         3.9614    0.0436
       8  TPM3uf+G4          6     -1722.3204      3968.9504         4.1506    0.0397
       9  TIM2+G4            7     -1720.6905      3969.9533         5.1534    0.0240
      10  TIM3+G4            7     -1720.7339      3970.0400         5.2402    0.0230
--------------------------------------------------------------------------------

AIC       model              K            lnL          score          delta    weight
--------------------------------------------------------------------------------
       1  TrN+G4             6     -1720.8007      3687.6014         0.0000    0.1127
       2  TrN+I+G4           7     -1719.8370      3687.6741         0.0727    0.1087
       3  TIM1+G4            7     -1720.0945      3688.1889         0.5875    0.0840
       4  TIM1+I+G4          8     -1719.2152      3688.4304         0.8290    0.0745
       5  HKY+G4             5     -1722.3764      3688.7529         1.1515    0.0634
       6  HKY+I+G4           6     -1721.5518      3689.1036         1.5022    0.0532
       7  TIM3+I+G4          8     -1719.6258      3689.2516         1.6502    0.0494
       8  TPM2uf+G4          6     -1721.6332      3689.2664         1.6650    0.0490
       9  TIM2+G4            7     -1720.6905      3689.3809         1.7796    0.0463
      10  TPM1uf+G4          6     -1721.7317      3689.4634         1.8620    0.0444
--------------------------------------------------------------------------------
AICc      model              K            lnL          score          delta    weight
--------------------------------------------------------------------------------
       1  JC                 0     -1938.2405     31722.4810         0.0000    1.0000
       2  JC+G4              1     -1760.6341     31841.2681       118.7872    0.0000
       3  JC+I               1     -1904.8707     32129.7414       407.2604    0.0000
       4  K80                1     -1933.2237     32186.4474       463.9664    0.0000
       5  K80+G4             2     -1753.7792     32305.5583       583.0773    0.0000
       6  JC+I+G4            2     -1760.9827     32319.9655       597.4845    0.0000
       7  K80+I              2     -1899.6075     32597.2149       874.7339    0.0000
       8  TPM2               2     -1921.0717     32640.1433       917.6624    0.0000
       9  TPM1               2     -1924.7315     32647.4630       924.9820    0.0000
      10  TPM3               2     -1925.3249     32648.6497       926.1687    0.0000
--------------------------------------------------------------------------------
  Log:           S1.13.ribosomal_protein_S15P_S13e_evoModel.log
--------------------------------------------------------------------------------

BIC       model              K            lnL          score          delta    weight
--------------------------------------------------------------------------------
       1  TPM2uf+G4          6     -2312.6909      5219.0617         0.0000    0.6143
       2  TPM2uf+I+G4        7     -2312.0058      5221.7858         2.7241    0.1573
       3  TIM2+G4            7     -2312.7349      5223.2440         4.1823    0.0759
       4  TPM3+G4            3     -2321.3331      5224.0631         5.0014    0.0504
       5  TIM2+I+G4          8     -2311.8765      5225.6216         6.5599    0.0231
       6  TIM3ef+G4          4     -2320.1498      5225.7908         6.7291    0.0212
       7  TVM+G4             8     -2312.2534      5226.3754         7.3137    0.0159
       8  HKY+G4             5     -2318.9919      5227.5694         8.5077    0.0087
       9  TPM3+I+G4          4     -2321.2935      5228.0783         9.0166    0.0068
      10  TPM3uf+G4          6     -2317.5377      5228.7554         9.6937    0.0048
--------------------------------------------------------------------------------

AIC       model              K            lnL          score          delta    weight
--------------------------------------------------------------------------------
       1  TPM2uf+G4          6     -2312.6909      4915.3818         0.0000    0.3369
       2  TPM2uf+I+G4        7     -2312.0058      4916.0115         0.6298    0.2459
       3  TIM2+G4            7     -2312.7349      4917.4697         2.0880    0.1186
       4  TIM2+I+G4          8     -2311.8765      4917.7530         2.3712    0.1029
       5  TVM+G4             8     -2312.2534      4918.5068         3.1250    0.0706
       6  TVM+I+G4           9     -2311.5294      4919.0588         3.6770    0.0536
       7  GTR+G4             9     -2312.0443      4920.0886         4.7068    0.0320
       8  GTR+I+G4          10     -2311.3856      4920.7711         5.3894    0.0228
       9  TPM3uf+G4          6     -2317.5377      4925.0755         9.6937    0.0026
      10  HKY+G4             5     -2318.9919      4925.9838        10.6021    0.0017
--------------------------------------------------------------------------------

AICc      model              K            lnL          score          delta    weight
--------------------------------------------------------------------------------
       1  JC                 0     -2506.2005     44210.4010         0.0000    1.0000
       2  JC+G4              1     -2335.7411     44431.4822       221.0812    0.0000
       3  JC+I               1     -2482.1542     44724.3085       513.9074    0.0000
       4  K80                1     -2499.2929     44758.5859       548.1848    0.0000
       5  K80+G4             2     -2327.8780     44981.7560       771.3550    0.0000
       6  JC+I+G4            2     -2335.7401     44997.4802       787.0792    0.0000
       7  K80+I              2     -2475.1768     45276.3535      1065.9525    0.0000
       8  TPM3               2     -2478.1036     45282.2071      1071.8061    0.0000
       9  TrNef              2     -2498.0355     45322.0710      1111.6700    0.0000
      10  TPM1               2     -2498.9928     45323.9857      1113.5847    0.0000
--------------------------------------------------------------------------------
  Log:           S1.14.ribosomal_protein_S19_rpsS_evoModel.log
--------------------------------------------------------------------------------

BIC       model              K            lnL          score          delta    weight
--------------------------------------------------------------------------------
       1  TVM+G4             8     -1779.4203      4078.7010         0.0000    0.6189
       2  GTR+G4             9     -1778.7453      4081.5099         2.8089    0.1519
       3  TPM1uf+G4          6     -1785.2839      4082.1103         3.4093    0.1125
       4  TVM+I+G4           9     -1779.5485      4083.1162         4.4152    0.0681
       5  GTR+I+G4          10     -1778.7942      4085.7665         7.0655    0.0181
       6  TPM1uf+I+G4        7     -1785.2162      4086.1339         7.4329    0.0151
       7  TIM1+G4            7     -1785.3685      4086.4384         7.7374    0.0129
       8  TIM1+I+G4          8     -1785.1088      4090.0779        11.3769    0.0021
       9  SYM+G4             6     -1792.0763      4095.6953        16.9942    0.0001
      10  TVMef+G4           5     -1794.3570      4096.0978        17.3968    0.0001
--------------------------------------------------------------------------------
AIC       model              K            lnL          score          delta    weight
--------------------------------------------------------------------------------
       1  TVM+G4             8     -1779.4203      3808.8406         0.0000    0.4275
       2  GTR+G4             9     -1778.7453      3809.4906         0.6500    0.3089
       3  TVM+I+G4           9     -1779.5485      3811.0969         2.2563    0.1384
       4  GTR+I+G4          10     -1778.7942      3811.5883         2.7477    0.1082
       5  TPM1uf+G4          6     -1785.2839      3816.5677         7.7271    0.0090
       6  TPM1uf+I+G4        7     -1785.2162      3818.4324         9.5918    0.0035
       7  TIM1+G4            7     -1785.3685      3818.7369         9.8963    0.0030
       8  TIM1+I+G4          8     -1785.1088      3820.2175        11.3769    0.0014
       9  SYM+G4             6     -1792.0763      3830.1526        21.3120    0.0000
      10  SYM+I+G4           7     -1792.1605      3832.3210        23.4803    0.0000
--------------------------------------------------------------------------------

AICc      model              K            lnL          score          delta    weight
--------------------------------------------------------------------------------
       1  JC                 0     -2019.4157     31884.8314         0.0000    1.0000
       2  JC+G4              1     -1832.6221     31985.2442       100.4128    0.0000
       3  JC+I               1     -1959.0214     32238.0428       353.2115    0.0000
       4  K80                1     -2014.3332     32348.6665       463.8351    0.0000
       5  K80+G4             2     -1826.5808     32451.1616       566.3303    0.0000
       6  JC+I+G4            2     -1832.6375     32463.2750       578.4436    0.0000
       7  K80+I              2     -1953.7218     32705.4435       820.6121    0.0000
       8  TPM1               2     -1990.3868     32778.7736       893.9422    0.0000
       9  TPM3               2     -2004.3119     32806.6237       921.7924    0.0000
      10  TPM2               2     -2005.0253     32808.0506       923.2192    0.0000
--------------------------------------------------------------------------------
  Log:           S1.1.ribosomal_protein_L2_rplB_evoModel.log
--------------------------------------------------------------------------------

BIC       model              K            lnL          score          delta    weight
--------------------------------------------------------------------------------
       1  HKY+G4             5     -2126.7777      4757.0658         0.0000    0.3461
       2  TPM1uf+G4          6     -2125.3149      4758.2672         1.2014    0.1898
       3  TrN+G4             6     -2126.0377      4759.7130         2.6472    0.0921
       4  HKY+I+G4           6     -2126.0652      4759.7679         2.7021    0.0896
       5  TIM1+G4            7     -2124.5592      4760.8832         3.8174    0.0513
       6  TPM2uf+G4          6     -2126.6597      4760.9569         3.8911    0.0495
       7  TPM3uf+G4          6     -2126.7860      4761.2096         4.1438    0.0436
       8  TrN+I+G4           7     -2125.2609      4762.2865         5.2207    0.0254
       9  F81+G4             4     -2131.7246      4762.8325         5.7667    0.0194
      10  TIM1+I+G4          8     -2123.7443      4763.3805         6.3147    0.0147
--------------------------------------------------------------------------------

AIC       model              K            lnL          score          delta    weight
--------------------------------------------------------------------------------
       1  TPM1uf+G4          6     -2125.3149      4496.6297         0.0000    0.1452
       2  TIM1+G4            7     -2124.5592      4497.1185         0.4888    0.1137
       3  TIM1+I+G4          8     -2123.7443      4497.4887         0.8590    0.0945
       4  HKY+G4             5     -2126.7777      4497.5554         0.9257    0.0914
       5  TrN+G4             6     -2126.0377      4498.0755         1.4458    0.0705
       6  HKY+I+G4           6     -2126.0652      4498.1304         1.5007    0.0686
       7  TrN+I+G4           7     -2125.2609      4498.5218         1.8921    0.0564
       8  TPM2uf+G4          6     -2126.6597      4499.3194         2.6897    0.0378
       9  TVM+G4             8     -2124.7369      4499.4739         2.8442    0.0350
      10  TPM3uf+G4          6     -2126.7860      4499.5721         2.9424    0.0333
--------------------------------------------------------------------------------

AICc      model              K            lnL          score          delta    weight
--------------------------------------------------------------------------------
       1  JC                 0     -2319.5947     32485.1895         0.0000    1.0000
       2  JC+G4              1     -2147.0070     32614.0139       128.8244    0.0000
       3  JC+I               1     -2257.5068     32835.0136       349.8241    0.0000
       4  K80                1     -2319.0979     32958.1959       473.0064    0.0000
       5  JC+I+G4            2     -2145.6566     33089.3132       604.1237    0.0000
       6  K80+G4             2     -2146.3504     33090.7008       605.5114    0.0000
       7  K80+I              2     -2257.0768     33312.1535       826.9641    0.0000
       8  TPM3               2     -2302.3004     33402.6008       917.4113    0.0000
       9  TPM1               2     -2310.4329     33418.8657       933.6762    0.0000
      10  TrNef              2     -2318.2501     33434.5003       949.3108    0.0000
--------------------------------------------------------------------------------
  Log:           S1.2.ribosomal_protein_L3_rplC_evoModel.log
--------------------------------------------------------------------------------

BIC       model              K            lnL          score          delta    weight
--------------------------------------------------------------------------------
       1  TPM1uf+G4          6     -2167.7642      4806.3781         0.0000    0.5859
       2  HKY+G4             5     -2171.3746      4809.5044         3.1263    0.1227
       3  TPM1uf+I+G4        7     -2167.5618      4810.0677         3.6896    0.0926
       4  TIM1+G4            7     -2167.7580      4810.4600         4.0819    0.0761
       5  TPM3uf+G4          6     -2171.0658      4812.9812         6.6031    0.0216
       6  TPM2uf+G4          6     -2171.2819      4813.4134         7.0354    0.0174
       7  HKY+I+G4           6     -2171.2889      4813.4274         7.0493    0.0173
       8  TrN+G4             6     -2171.3395      4813.5287         7.1506    0.0164
       9  TVM+G4             8     -2167.3648      4813.7679         7.3899    0.0146
      10  TIM1+I+G4          8     -2167.5516      4814.1416         7.7635    0.0121
--------------------------------------------------------------------------------

AIC       model              K            lnL          score          delta    weight
--------------------------------------------------------------------------------
       1  TPM1uf+G4          6     -2167.7642      4565.5284         0.0000    0.3643
       2  TPM1uf+I+G4        7     -2167.5618      4567.1237         1.5952    0.1641
       3  TIM1+G4            7     -2167.7580      4567.5160         1.9876    0.1349
       4  TVM+G4             8     -2167.3648      4568.7296         3.2012    0.0735
       5  TIM1+I+G4          8     -2167.5516      4569.1032         3.5748    0.0610
       6  TVM+I+G4           9     -2166.7743      4569.5486         4.0201    0.0488
       7  GTR+G4             9     -2167.3150      4570.6299         5.1015    0.0284
       8  HKY+G4             5     -2171.3746      4570.7491         5.2207    0.0268
       9  GTR+I+G4          10     -2166.5191      4571.0383         5.5098    0.0232
      10  TPM3uf+G4          6     -2171.0658      4572.1316         6.6031    0.0134
--------------------------------------------------------------------------------

AICc      model              K            lnL          score          delta    weight
--------------------------------------------------------------------------------
       1  JC                 0     -2340.5443     28879.0886         0.0000    1.0000
       2  JC+G4              1     -2221.5675     29083.1349       204.0464    0.0000
       3  JC+I               1     -2308.2554     29256.5108       377.4222    0.0000
       4  K80                1     -2321.1994     29282.3988       403.3102    0.0000
       5  K80+G4             2     -2198.3501     29482.7002       603.6116    0.0000
       6  JC+I+G4            2     -2220.5351     29527.0701       647.9815    0.0000
       7  TPM3               2     -2285.9125     29657.8250       778.7364    0.0000
       8  K80+I              2     -2288.6137     29663.2274       784.1388    0.0000
       9  TPM1               2     -2310.1113     29706.2226       827.1341    0.0000
      10  TrNef              2     -2318.0647     29722.1295       843.0409    0.0000
--------------------------------------------------------------------------------
  Log:           S1.3.ribosomal_protein_L5_rplE_evoModel.log
--------------------------------------------------------------------------------

BIC       model              K            lnL          score          delta    weight
--------------------------------------------------------------------------------
       1  TPM2uf+G4          6     -1840.0861      4208.3427         0.0000    0.5310
       2  TPM2uf+I+G4        7     -1838.9486      4210.1620         1.8193    0.2138
       3  TPM3uf+G4          6     -1842.1210      4212.4124         4.0697    0.0694
       4  TPM3uf+I+G4        7     -1840.3580      4212.9807         4.6380    0.0522
       5  TIM2+I+G4          8     -1838.6699      4213.6989         5.3562    0.0365
       6  HKY+I+G4           6     -1843.2592      4214.6888         6.3461    0.0222
       7  HKY+G4             5     -1845.3919      4214.8600         6.5173    0.0204
       8  TIM3+G4            7     -1841.3990      4215.0627         6.7200    0.0184
       9  TVM+I+G4           9     -1838.0430      4216.5395         8.1968    0.0088
      10  TIM3+I+G4          8     -1840.2542      4216.8675         8.5248    0.0075
--------------------------------------------------------------------------------

AIC       model              K            lnL          score          delta    weight
--------------------------------------------------------------------------------
       1  TPM2uf+I+G4        7     -1838.9486      3937.8972         0.0000    0.2630
       2  TPM2uf+G4          6     -1840.0861      3938.1723         0.2750    0.2292
       3  TIM2+I+G4          8     -1838.6699      3939.3398         1.4425    0.1279
       4  GTR+I+G4          10     -1836.7760      3939.5519         1.6547    0.1150
       5  TVM+I+G4           9     -1838.0430      3940.0860         2.1888    0.0881
       6  TPM3uf+I+G4        7     -1840.3580      3940.7159         2.8187    0.0643
       7  TPM3uf+G4          6     -1842.1210      3942.2420         4.3447    0.0300
       8  TIM3+I+G4          8     -1840.2542      3942.5084         4.6111    0.0262
       9  TIM3+G4            7     -1841.3990      3942.7979         4.9007    0.0227
      10  HKY+I+G4           6     -1843.2592      3944.5183         6.6211    0.0096
--------------------------------------------------------------------------------
AICc      model              K            lnL          score          delta    weight
--------------------------------------------------------------------------------
       1  JC                 0     -2032.4684     34814.9369         0.0000    1.0000
       2  JC+G4              1     -1884.5455     35017.0911       202.1542    0.0000
       3  JC+I               1     -1965.3304     35178.6608       363.7239    0.0000
       4  K80                1     -2013.9194     35275.8389       460.9020    0.0000
       5  K80+G4             2     -1864.4692     35478.9384       664.0016    0.0000
       6  JC+I+G4            2     -1883.8430     35517.6860       702.7492    0.0000
       7  K80+I              2     -1946.8326     35643.6651       828.7282    0.0000
       8  TPM3               2     -1979.2411     35708.4821       893.5453    0.0000
       9  TPM2               2     -2008.0873     35766.1747       951.2378    0.0000
      10  TPM1               2     -2009.3197     35768.6395       953.7026    0.0000
--------------------------------------------------------------------------------
  Log:           S1.4.ribosomal_protein_L6_rplF_evoModel.log
--------------------------------------------------------------------------------

BIC       model              K            lnL          score          delta    weight
--------------------------------------------------------------------------------
       1  HKY+I+G4           6     -2322.0960      5180.5511         0.0000    0.4686
       2  TPM2uf+I+G4        7     -2320.8428      5182.1390         1.5879    0.2118
       3  TPM1uf+I+G4        7     -2321.5039      5183.4612         2.9101    0.1094
       4  TrN+I+G4           7     -2322.0155      5184.4844         3.9333    0.0656
       5  TPM3uf+I+G4        7     -2322.0383      5184.5300         3.9789    0.0641
       6  TIM2+I+G4          8     -2320.8212      5186.1902         5.6391    0.0279
       7  TIM1+I+G4          8     -2321.3166      5187.1810         6.6299    0.0170
       8  TVM+I+G4           9     -2319.4392      5187.5205         6.9694    0.0144
       9  TIM3+I+G4          8     -2321.9599      5188.4677         7.9166    0.0089
      10  HKY+G4             5     -2329.0350      5190.3348         9.7837    0.0035
--------------------------------------------------------------------------------

AIC       model              K            lnL          score          delta    weight
--------------------------------------------------------------------------------
       1  TPM2uf+I+G4        7     -2320.8428      4905.6855         0.0000    0.2273
       2  HKY+I+G4           6     -2322.0960      4906.1920         0.5064    0.1765
       3  TVM+I+G4           9     -2319.4392      4906.8783         1.1928    0.1252
       4  TPM1uf+I+G4        7     -2321.5039      4907.0077         1.3222    0.1174
       5  TIM2+I+G4          8     -2320.8212      4907.6424         1.9568    0.0855
       6  TrN+I+G4           7     -2322.0155      4908.0309         2.3454    0.0704
       7  TPM3uf+I+G4        7     -2322.0383      4908.0765         2.3910    0.0688
       8  TIM1+I+G4          8     -2321.3166      4908.6332         2.9476    0.0521
       9  GTR+I+G4          10     -2319.4452      4908.8904         3.2049    0.0458
      10  TIM3+I+G4          8     -2321.9599      4909.9198         4.2343    0.0274
--------------------------------------------------------------------------------
AICc      model              K            lnL          score          delta    weight
--------------------------------------------------------------------------------
       1  JC                 0     -2545.1104     36840.2208         0.0000    1.0000
       2  JC+G4              1     -2354.0303     36964.0606       123.8398    0.0000
       3  JC+I               1     -2435.2155     37126.4311       286.2103    0.0000
       4  K80                1     -2543.1070     37342.2140       501.9932    0.0000
       5  JC+I+G4            2     -2346.9765     37459.9530       619.7322    0.0000
       6  K80+G4             2     -2351.8589     37469.7177       629.4969    0.0000
       7  K80+I              2     -2433.1497     37632.2994       792.0786    0.0000
       8  TPM3               2     -2529.4771     37824.9542       984.7334    0.0000
       9  TPM1               2     -2537.2556     37840.5112      1000.2904    0.0000
      10  TPM2               2     -2542.1107     37850.2214      1010.0006    0.0000
--------------------------------------------------------------------------------
  Log:           S1.5.ribosomal_protein_L11_rplK_evoModel.log
--------------------------------------------------------------------------------

BIC       model              K            lnL          score          delta    weight
--------------------------------------------------------------------------------
       1  TPM1uf+I+G4        7     -1422.4988      3246.2434         0.0000    0.5957
       2  TIM1+I+G4          8     -1422.1012      3249.5424         3.2990    0.1145
       3  TPM1uf+G4          6     -1426.2899      3249.7312         3.4878    0.1042
       4  TVM+I+G4           9     -1420.7433      3250.9210         4.6776    0.0575
       5  HKY+I+G4           6     -1427.4394      3252.0302         5.7868    0.0330
       6  F81+I+G4           5     -1429.5732      3252.2035         5.9601    0.0303
       7  TIM1+G4            7     -1426.1383      3253.5224         7.2790    0.0156
       8  TPM2uf+I+G4        7     -1426.2598      3253.7654         7.5220    0.0139
       9  TrN+I+G4           7     -1426.5607      3254.3671         8.1237    0.0103
      10  GTR+I+G4          10     -1420.4900      3254.5088         8.2654    0.0096
--------------------------------------------------------------------------------

AIC       model              K            lnL          score          delta    weight
--------------------------------------------------------------------------------
       1  TPM1uf+I+G4        7     -1422.4988      3040.9977         0.0000    0.3425
       2  TVM+I+G4           9     -1420.7433      3041.4865         0.4889    0.2682
       3  TIM1+I+G4          8     -1422.1012      3042.2023         1.2047    0.1875
       4  GTR+I+G4          10     -1420.4900      3042.9800         1.9824    0.1271
       5  TPM1uf+G4          6     -1426.2899      3046.5798         5.5822    0.0210
       6  TVM+G4             8     -1425.0889      3048.1779         7.1802    0.0095
       7  TIM1+G4            7     -1426.1383      3048.2766         7.2790    0.0090
       8  TPM2uf+I+G4        7     -1426.2598      3048.5197         7.5220    0.0080
       9  HKY+I+G4           6     -1427.4394      3048.8788         7.8811    0.0067
      10  TrN+I+G4           7     -1426.5607      3049.1213         8.1237    0.0059
--------------------------------------------------------------------------------
AICc      model              K            lnL          score          delta    weight
--------------------------------------------------------------------------------
       1  JC+G4              1     -1463.5893     20223.1786         0.0000    1.0000
       2  JC                 0     -1668.2714     20262.5429        39.3643    0.0000
       3  JC+I               1     -1545.0325     20386.0650       162.8864    0.0000
       4  JC+I+G4            2     -1459.3616     20588.7233       365.5447    0.0000
       5  K80+G4             2     -1463.5774     20597.1548       373.9762    0.0000
       6  K80                1     -1668.2692     20632.5385       409.3599    0.0000
       7  K80+I              2     -1545.0315     20760.0631       536.8845    0.0000
       8  TPM3+G4            3     -1452.5226     20953.0451       729.8666    0.0000
       9  K80+I+G4           3     -1459.3448     20966.6897       743.5111    0.0000
      10  TPM2+G4            3     -1461.5409     20971.0819       747.9033    0.0000
--------------------------------------------------------------------------------
  Log:           S1.6.ribosomal_protein_L14b_L23e_rplN_evoModel.log
--------------------------------------------------------------------------------

BIC       model              K            lnL          score          delta    weight
--------------------------------------------------------------------------------
       1  HKY+G4             5     -2140.1496      4837.9579         0.0000    0.2216
       2  TVM+G4             8     -2133.7679      4838.2647         0.3068    0.1901
       3  TPM2uf+G4          6     -2138.4618      4838.9389         0.9811    0.1357
       4  TPM3uf+G4          6     -2138.5128      4839.0410         1.0831    0.1289
       5  TrN+G4             6     -2139.1815      4840.3785         2.4206    0.0661
       6  TIM2+G4            7     -2137.3225      4841.0172         3.0594    0.0480
       7  TPM1uf+G4          6     -2139.6355      4841.2864         3.3285    0.0419
       8  GTR+G4             9     -2133.1686      4841.4228         3.4649    0.0392
       9  TIM3+G4            7     -2137.9959      4842.3640         4.4061    0.0245
      10  TVM+I+G4           9     -2134.1272      4843.3400         5.3821    0.0150
--------------------------------------------------------------------------------

AIC       model              K            lnL          score          delta    weight
--------------------------------------------------------------------------------
       1  TVM+G4             8     -2133.7679      4529.5359         0.0000    0.3934
       2  GTR+G4             9     -2133.1686      4530.3373         0.8014    0.2635
       3  TVM+I+G4           9     -2134.1272      4532.2544         2.7185    0.1011
       4  GTR+I+G4          10     -2133.5043      4533.0086         3.4728    0.0693
       5  TIM2+G4            7     -2137.3225      4534.6451         5.1092    0.0306
       6  TPM2uf+G4          6     -2138.4618      4534.9235         5.3877    0.0266
       7  TPM3uf+G4          6     -2138.5128      4535.0256         5.4897    0.0253
       8  TIM3+G4            7     -2137.9959      4535.9919         6.4560    0.0156
       9  HKY+G4             5     -2140.1496      4536.2992         6.7633    0.0134
      10  TrN+G4             6     -2139.1815      4536.3630         6.8272    0.0130
--------------------------------------------------------------------------------

AICc      model              K            lnL          score          delta    weight
--------------------------------------------------------------------------------
       1  JC                 0     -2383.0763     35516.1525         0.0000    1.0000
       2  JC+G4              1     -2167.0105     35582.0210        65.8684    0.0000
       3  K80                1     -2381.5290     36011.0580       494.9054    0.0000
       4  K80+G4             2     -2165.6776     36081.3553       565.2027    0.0000
       5  JC+I+G4            2     -2167.4160     36084.8321       568.6795    0.0000
       6  TPM3               2     -2346.8192     36443.6383       927.4858    0.0000
       7  K80+I              2     -2347.2494     36444.4987       928.3462    0.0000
       8  JC+I               1     -2625.3510     36498.7020       982.5495    0.0000
       9  TPM2               2     -2376.4975     36502.9951       986.8425    0.0000
      10  TrNef              2     -2379.8171     36509.6343       993.4817    0.0000
--------------------------------------------------------------------------------
  Log:           S1.7.ribosomal_protein_L16_L10E_rplP_evoModel.log
--------------------------------------------------------------------------------

BIC       model              K            lnL          score          delta    weight
--------------------------------------------------------------------------------
       1  TPM1uf+G4          6     -2049.8420      4677.0340         0.0000    0.3121
       2  HKY+G4             5     -2052.0418      4677.1569         0.1229    0.2935
       3  TPM3uf+G4          6     -2051.2908      4679.9315         2.8975    0.0733
       4  TIM1+G4            7     -2049.2382      4680.1031         3.0691    0.0673
       5  TrN+G4             6     -2051.5692      4680.4884         3.4544    0.0555
       6  TPM2uf+G4          6     -2052.0011      4681.3521         4.3181    0.0360
       7  TPM1uf+I+G4        7     -2049.9350      4681.4965         4.4626    0.0335
       8  HKY+I+G4           6     -2052.1345      4681.6189         4.5850    0.0315
       9  TVM+G4             8     -2048.2548      4682.4129         5.3789    0.0212
      10  TVMef+G4           5     -2054.7032      4682.4796         5.4457    0.0205
--------------------------------------------------------------------------------

AIC       model              K            lnL          score          delta    weight
--------------------------------------------------------------------------------
       1  TPM1uf+G4          6     -2049.8420      4369.6840         0.0000    0.2069
       2  TIM1+G4            7     -2049.2382      4370.4765         0.7925    0.1392
       3  TVM+G4             8     -2048.2548      4370.5096         0.8256    0.1369
       4  TPM1uf+I+G4        7     -2049.9350      4371.8699         2.1859    0.0694
       5  HKY+G4             5     -2052.0418      4372.0836         2.3996    0.0623
       6  GTR+G4             9     -2048.1523      4372.3047         2.6207    0.0558
       7  TPM3uf+G4          6     -2051.2908      4372.5816         2.8975    0.0486
       8  TVM+I+G4           9     -2048.3559      4372.7117         3.0277    0.0455
       9  TIM1+I+G4          8     -2049.4071      4372.8143         3.1303    0.0433
      10  TrN+G4             6     -2051.5692      4373.1384         3.4544    0.0368
--------------------------------------------------------------------------------

AICc      model              K            lnL          score          delta    weight
--------------------------------------------------------------------------------
       1  JC                 0     -2209.3244     38216.6489         0.0000    1.0000
       2  JC+G4              1     -2093.3595     38506.7190       290.0701    0.0000
       3  K80                1     -2193.2824     38706.5648       489.9160    0.0000
       4  JC+I               1     -2203.1861     38726.3721       509.7233    0.0000
       5  K80+G4             2     -2076.0020     38998.0040       781.3552    0.0000
       6  JC+I+G4            2     -2093.3213     39032.6427       815.9938    0.0000
       7  TPM3               2     -2178.1363     39202.2726       985.6237    0.0000
       8  TPM1               2     -2186.1935     39218.3870      1001.7382    0.0000
       9  K80+I              2     -2187.1223     39220.2446      1003.5957    0.0000
      10  TPM2               2     -2189.8352     39225.6703      1009.0215    0.0000
--------------------------------------------------------------------------------
  Log:           S1.8.ribosomal_protein_S2_rpsB_evoModel.log
--------------------------------------------------------------------------------

BIC       model              K            lnL          score          delta    weight
--------------------------------------------------------------------------------
       1  HKY+G4             5     -2372.0675      5284.5885         0.0000    0.3827
       2  TPM2uf+G4          6     -2370.4133      5285.3745         0.7860    0.2583
       3  TPM1uf+G4          6     -2371.7864      5288.1206         3.5321    0.0654
       4  TPM3uf+G4          6     -2372.0047      5288.5571         3.9687    0.0526
       5  TrN+G4             6     -2372.0077      5288.5632         3.9747    0.0525
       6  HKY+I+G4           6     -2372.1426      5288.8331         4.2446    0.0458
       7  TIM2+G4            7     -2370.3488      5289.3398         4.7513    0.0356
       8  TPM2uf+I+G4        7     -2370.5178      5289.6777         5.0893    0.0300
       9  TVM+G4             8     -2368.6056      5289.9476         5.3591    0.0263
      10  TIM1+G4            7     -2371.7139      5292.0699         7.4815    0.0091
--------------------------------------------------------------------------------
AIC       model              K            lnL          score          delta    weight
--------------------------------------------------------------------------------
       1  TPM2uf+G4          6     -2370.4133      5006.8266         0.0000    0.1910
       2  TVM+G4             8     -2368.6056      5007.2111         0.3845    0.1576
       3  HKY+G4             5     -2372.0675      5008.1350         1.3083    0.0993
       4  TIM2+G4            7     -2370.3488      5008.6976         1.8710    0.0749
       5  GTR+G4             9     -2368.4848      5008.9697         2.1430    0.0654
       6  TPM2uf+I+G4        7     -2370.5178      5009.0356         2.2089    0.0633
       7  TVM+I+G4           9     -2368.7258      5009.4515         2.6249    0.0514
       8  TPM1uf+G4          6     -2371.7864      5009.5728         2.7461    0.0484
       9  TPM3uf+G4          6     -2372.0047      5010.0093         3.1827    0.0389
      10  TrN+G4             6     -2372.0077      5010.0154         3.1887    0.0388
--------------------------------------------------------------------------------

AICc      model              K            lnL          score          delta    weight
--------------------------------------------------------------------------------
       1  JC                 0     -2609.9488     37985.8976         0.0000    1.0000
       2  JC+G4              1     -2459.1686     38198.3373       212.4397    0.0000
       3  JC+I               1     -2584.4635     38448.9270       463.0294    0.0000
       4  K80                1     -2590.8216     38461.6432       475.7456    0.0000
       5  K80+G4             2     -2434.3337     38666.6675       680.7699    0.0000
       6  JC+I+G4            2     -2459.3520     38716.7040       730.8064    0.0000
       7  TPM3               2     -2534.7177     38867.4353       881.5377    0.0000
       8  K80+I              2     -2565.1252     38928.2503       942.3527    0.0000
       9  TPM1               2     -2580.8542     38959.7083       973.8107    0.0000
      10  TrNef              2     -2582.2884     38962.5768       976.6792    0.0000
--------------------------------------------------------------------------------
  Log:           S1.9.ribosomal_protein_S5_evoModel.log
--------------------------------------------------------------------------------

BIC       model              K            lnL          score          delta    weight
--------------------------------------------------------------------------------
       1  TIM3+G4            7     -2166.9601      4862.1935         0.0000    0.6747
       2  TIM3+I+G4          8     -2166.8483      4866.0969         3.9035    0.0958
       3  TPM3uf+G4          6     -2171.2309      4866.6078         4.4143    0.0742
       4  GTR+G4             9     -2165.2059      4866.9392         4.7457    0.0629
       5  TIM1+G4            7     -2170.0290      4868.3312         6.1377    0.0314
       6  TrN+G4             6     -2172.9745      4870.0950         7.9015    0.0130
       7  TPM3uf+I+G4        7     -2171.2361      4870.7454         8.5519    0.0094
       8  TPM1uf+G4          6     -2173.3050      4870.7561         8.5626    0.0093
       9  GTR+I+G4          10     -2165.1950      4871.0447         8.8512    0.0081
      10  TVM+G4             8     -2169.6586      4871.7175         9.5240    0.0058
--------------------------------------------------------------------------------
AIC       model              K            lnL          score          delta    weight
--------------------------------------------------------------------------------
       1  TIM3+G4            7     -2166.9601      4589.9203         0.0000    0.3764
       2  GTR+G4             9     -2165.2059      4590.4118         0.4915    0.2944
       3  TIM3+I+G4          8     -2166.8483      4591.6966         1.7763    0.1549
       4  GTR+I+G4          10     -2165.1950      4592.3901         2.4698    0.1095
       5  TIM1+G4            7     -2170.0290      4596.0580         6.1377    0.0175
       6  TPM3uf+G4          6     -2171.2309      4596.4617         6.5414    0.0143
       7  TVM+G4             8     -2169.6586      4597.3172         7.3969    0.0093
       8  TIM1+I+G4          8     -2169.9254      4597.8508         7.9305    0.0071
       9  TPM3uf+I+G4        7     -2171.2361      4598.4722         8.5519    0.0052
      10  TVM+I+G4           9     -2169.7161      4599.4323         9.5120    0.0032
--------------------------------------------------------------------------------
AICc      model              K            lnL          score          delta    weight
--------------------------------------------------------------------------------
       1  JC+G4              1     -2225.4780     34706.9559         0.0000    1.0000
       2  JC                 0     -2484.3261     34734.6523        27.6963    0.0000
       3  JC+I               1     -2409.4031     35074.8062       367.8503    0.0000
       4  K80+G4             2     -2224.7295     35199.4590       492.5031    0.0000
       5  JC+I+G4            2     -2225.5759     35201.1518       494.1959    0.0000
       6  K80                1     -2483.6213     35223.2426       516.2867    0.0000
       7  K80+I              2     -2408.6837     35567.3674       860.4114    0.0000
       8  TPM3               2     -2441.5142     35633.0284       926.0725    0.0000
       9  TPM1+G4            3     -2200.9226     35649.8453       942.8894    0.0000
      10  TPM3+G4            3     -2203.4809     35654.9618       948.0059    0.0000
--------------------------------------------------------------------------------
